          21          61 -0.88531541808798409      -0.44220498461473312     
          21          81  -1.0607452914116848      -0.25326742329536245     
          21         101  -1.1304809248779648        1.3065045243322970E-002
          21         121  -1.0474806340656784       0.27723659431372738     
          21         141 -0.84220729239159198       0.45882184770213996     
          41          41 -0.74706899677038052      -0.74706899677038052     
          41          61  -1.0465827664609790      -0.69150708319101994     
          41          81  -1.3629115254582018      -0.43811887147215600     
          41         101  -1.5045192897640867        2.5416844787500281E-002
          41         121  -1.3350270385612859       0.47443935018813477     
          41         141  -1.0141886524774506       0.70442816215154380     
          41         161 -0.71704441556286014       0.74768402930514100     
          61          21 -0.44220498461473312      -0.88531541808798409     
          61          41 -0.69150708319101994       -1.0465827664609790     
          61          61  -1.1373603388770128       -1.1373603388770128     
          61          81  -1.8390746497931509      -0.89515342103588225     
          61         101  -2.2736889637829023        5.8189178722773960E-002
          61         121  -1.7640514948338470       0.94915638850796213     
          61         141  -1.0804770865919622        1.1359576319078641     
          61         161 -0.65989808170071740        1.0325126550205610     
          61         181 -0.48051036346966214       0.71817474638775991     
          81          21 -0.25326742329536245       -1.0607452914116848     
          81          41 -0.43811887147215600       -1.3629115254582018     
          81          61 -0.89515342103588225       -1.8390746497931509     
          81          81  -2.3375022590906349       -2.3375022590906349     
          81         101  -4.6270759627007223       0.23510046089981174     
          81         121  -2.1030988627023448        2.3258201887074725     
          81         141 -0.82501424797433032        1.7818794307620713     
          81         161 -0.41224140408620258        1.3262567221884254     
          81         181 -0.24076674029787171        1.0374179572504900     
         101          21   1.3065045243322970E-002  -1.1304809248779648     
         101          41   2.5416844787500281E-002  -1.5045192897640867     
         101          61   5.8189178722773960E-002  -2.2736889637829023     
         101          81  0.23510046089981174       -4.6270759627007223     
         101         121  0.19553612104412288        4.1988461050930095     
         101         141   5.2669502207177032E-002   2.1630669037429211     
         101         161   2.3759656907529347E-002   1.4553964248315836     
         101         181   1.1815248238626452E-002   1.1055509641905132     
         121          21  0.27723659431372738       -1.0474806340656784     
         121          41  0.47443935018813477       -1.3350270385612859     
         121          61  0.94915638850796213       -1.7640514948338470     
         121          81   2.3258201887074725       -2.1030988627023448     
         121         101   4.1988461050930095       0.19553612104412288     
         121         121   2.1139466169908196        2.1139466169908196     
         121         141  0.87757372792369281        1.7146677910923493     
         121         161  0.44697252651928210        1.3006689180077089     
         121         181  0.26362964801274558        1.0237930025381701     
         141          21  0.45882184770213996      -0.84220729239159198     
         141          41  0.70442816215154380       -1.0141886524774506     
         141          61   1.1359576319078641       -1.0804770865919622     
         141          81   1.7818794307620713      -0.82501424797433032     
         141         101   2.1630669037429211        5.2669502207177032E-002
         141         121   1.7146677910923493       0.87757372792369281     
         141         141   1.0818452416022524        1.0818452416022524     
         141         161  0.67319405716710179        1.0020124720607129     
         141         181  -0.0000000000000000       0.30006645340304061     
         161          41  0.74768402930514100      -0.71704441556286014     
         161          61   1.0325126550205610      -0.65989808170071740     
         161          81   1.3262567221884254      -0.41224140408620258     
         161         101   1.4553964248315836        2.3759656907529347E-002
         161         121   1.3006689180077089       0.44697252651928210     
         161         141   1.0020124720607129       0.67319405716710179     
         161         161  0.71654160957296398       0.71654160957296398     
         181          61  0.71817474638775991      -0.48051036346966214     
         181          81   1.0374179572504900      -0.24076674029787171     
         181         101   1.1055509641905132        1.1815248238626452E-002
         181         121   1.0237930025381701       0.26362964801274558     
         181         141  0.30006645340304061       -0.0000000000000000     
