          18         100
          28         123
          26         100
          55         162
          40          81
          47          83
          60         100
          77         132
          70          90
          82         113
          85         111
          73          63
          89         115
          92         123
          93         122
          92          97
         100         140
          82          76
          94          94
         100         116
          92          74
         109         127
         110         129
         110         131
         117         152
         112         117
         115         121
         100          63
         100          54
         131         122
         117          77
         132         123
         134         125
         119          73
         130          78
         121          36
         149         116
         151         100
         150          64
         160          81
         150          31
