         230         150
         224         174
         211         194
         193         209
         172         217
         150         219
         129         213
         112         202
          99         187
          92         169
          91         150
          96         132
         105         117
         118         106
         134         100
         150          99
         165         103
         178         111
         187         123
         193         136
         194         150
         190         163
         183         174
         173         182
         162         187
         150         187
         139         184
         129         178
         122         170
         119         160
         118         150
         120         140
         126         132
         133         126
         141         123
         150         122
         158         125
         165         129
         170         135
         173         142
         174         150
         172         157
         168         163
         163         167
         156         170
         150         170
         144         169
         139         165
         135         161
         133         156
         133         150
         134         145
         137         140
         141         137
         145         135
         150         135
         154         136
         158         139
         161         142
         163         146
         163         150
         162         154
         160         157
         157         159
         154         161
         150         161
         147         160
         144         158
         142         156
