          21          61  -2.6556375604884579       -1.3264611280142162     
          21          81  -3.1818941763960709      -0.75972311603038634     
          21         101  -3.3910969039952761        3.9187401355746942E-002
          21         121  -3.1421151654117239       0.83161981904152071     
          21         141  -2.5263492877463420        1.3763163050937237     
          41          41  -2.2409558049605778       -2.2409558049605778     
          41          61  -3.1394792183623821       -2.0743457247786239     
          41          81  -4.0884890752088126       -1.3142838687075624     
          41         101  -4.5133311616206981        7.6237161902184880E-002
          41         121  -4.0048421108293581        1.4232218400928360     
          41         141  -3.0423164058478989        2.1131014089957603     
          41         161  -2.1509156307023432        2.2428216416631983     
          61          21  -1.3264611280142162       -2.6556375604884579     
          61          41  -2.0743457247786239       -3.1394792183623821     
          61          61  -3.4119502680138254       -3.4119502680138254     
          61          81  -5.5172010003236949       -2.6854549245293242     
          61         101  -6.8211111393910286       0.17455729601013559     
          61         121  -5.2921204822793158        2.8474340515573573     
          61         141  -3.2413026141747849        3.4077183753511520     
          61         161  -1.9795374657142020        3.0972787501306129     
          61         181  -1.4413869358683655        2.1543084112421127     
          81          21 -0.75972311603038634       -3.1818941763960709     
          81          41  -1.3142838687075624       -4.0884890752088126     
          81          61  -2.6854549245293242       -5.5172010003236949     
          81          81  -7.0127131126054101       -7.0127131126054101     
          81         101  -13.881726966680418       0.70532026312697838     
          81         121  -6.3094632018408277        6.9776255127035540     
          81         141  -2.4750271219942874        5.3455712007097347     
          81         161  -1.2366569268437360        3.9785214766494192     
          81         181 -0.72223388150976575        3.1119566932351574     
         101          21   3.9187401355746942E-002  -3.3910969039952761     
         101          41   7.6237161902184880E-002  -4.5133311616206981     
         101          61  0.17455729601013559       -6.8211111393910286     
         101          81  0.70532026312697838       -13.881726966680418     
         101         121  0.58662070585557302        12.596943386968036     
         101         141  0.15799804264810291        6.4891886617826060     
         101         161   7.1267233838312904E-002   4.3659536663226106     
         101         181   3.5439921492866233E-002   3.3163489889172979     
         121          21  0.83161981904152071       -3.1421151654117239     
         121          41   1.4232218400928360       -4.0048421108293581     
         121          61   2.8474340515573573       -5.2921204822793158     
         121          81   6.9776255127035540       -6.3094632018408277     
         121         101   12.596943386968036       0.58662070585557302     
         121         121   6.3419695464232504        6.3419695464232504     
         121         141   2.6326782257639962        5.1439290625620089     
         121         161   1.3408302606337514        3.9017659193935827     
         121         181  0.79081467284535734        3.0710957982475975     
         141          21   1.3763163050937237       -2.5263492877463420     
         141          41   2.1131014089957603       -3.0423164058478989     
         141          61   3.4077183753511520       -3.2413026141747849     
         141          81   5.3455712007097347       -2.4750271219942874     
         141         101   6.4891886617826060       0.15799804264810291     
         141         121   5.1439290625620089        2.6326782257639962     
         141         141   3.2453868194172770        3.2453868194172770     
         141         161   2.0194200477236137        3.0057983746554982     
         161          41   2.2428216416631983       -2.1509156307023432     
         161          61   3.0972787501306129       -1.9795374657142020     
         161          81   3.9785214766494192       -1.2366569268437360     
         161         101   4.3659536663226106        7.1267233838312904E-002
         161         121   3.9017659193935827        1.3408302606337514     
         161         141   3.0057983746554982        2.0194200477236137     
         161         161   2.1494269201821794        2.1494269201821794     
         181          61   2.1543084112421127       -1.4413869358683655     
         181          81   3.1119566932351574      -0.72223388150976575     
         181         101   3.3163489889172979        3.5439921492866233E-002
         181         121   3.0710957982475975       0.79081467284535734     
